5;5
5;5
5;5
5;5
5;5
5;5
5;5
5;5
5;5
5;5
5;5
5;5
5;5
5;5
5;5
5;5
5;5
5;5
5;5
5;5
5;5
5;5
5;5
5;5
5;5
5;5
5;5
5;5
5;5
5;5
6;6
6;6
6;6
6;6
6;6
6;6
6;6
6;6
6;6
6;6
6;6
6;6
6;6
6;6
6;6
6;6
6;6
6;6
6;6
6;6
6;6
6;6
6;6
7;7
7;7
7;7
7;7
7;7
7;7
7;7
7;7
7;7
7;7
7;7
7;7
7;7
7;7
7;7
7;7
7;7
7;7
7;7
7;7
7;7
7;7
8;8
8;8
8;8
8;8
8;8
8;8
8;8
8;8
8;8
8;8
8;8
8;8
8;8
8;8
8;8
9;9
9;9
9;9
9;9
9;9
9;9
9;9
9;9
9;9
9;9
9;9
9;9
9;9
9;9
9;9
9;9
9;9
10;10
10;10
10;10
10;10
10;10
10;10
10;10
10;10
10;10
10;10
10;10
10;10
10;10
10;10
10;10
10;10
11;11
11;11
11;11
11;11
11;11
11;11
11;11
11;11
11;11
11;11
11;11
11;11
11;11
11;11
11;11
11;11
11;11
11;11
11;11
11;11
11;11
11;11
11;11
11;11
11;11
11;11
11;11
11;11
12;12
12;12
12;12
12;12
12;12
12;12
12;12
12;12
12;12
12;12
12;12
12;12
12;12
12;12
12;12
12;12
12;12
12;12
13;13
13;13
13;13
13;13
13;13
13;13
13;13
13;13
13;13
13;13
13;13
13;13
13;13
13;13
13;13
13;13
13;13
13;13
13;13
13;13
13;13
13;13
13;13
13;13
14;14
14;14
14;14
14;14
14;14
14;14
14;14
14;14
14;14
14;14
14;14
14;14
14;14
14;14
14;14
14;14
14;14
14;14
14;14
14;14
14;14
14;14
14;14
14;14
14;14
14;14
14;14
14;14
14;14
15;15
15;15
15;15
15;15
15;15
15;15
15;15
15;15
15;15
15;15
15;15
15;15
15;15
16;16
16;16
16;16
16;16
16;16
16;16
16;16
16;16
16;16
16;16
16;16
16;16
16;16
16;16
16;16
16;16
16;16
16;16
16;16
16;16
17;17
17;17
17;17
17;17
17;17
17;17
17;17
17;17
17;17
17;17
17;17
17;17
17;17
17;17
17;17
17;17
17;17
17;17
17;17
17;17
17;17
17;17
18;18
18;18
18;18
18;18
18;18
18;18
18;18
18;18
18;18
18;18
18;18
18;18
18;18
18;18
18;18
18;18
18;18
18;18
18;18
18;18
18;18
18;18
18;18
18;18
18;18
18;18
19;19
19;19
19;19
19;19
19;19
19;19
19;19
19;19
19;19
19;19
19;19
19;19
19;19
19;19
19;19
19;19
19;19
19;19
20;20
20;20
20;20
20;20
20;20
20;20
20;20
20;20
20;20
20;20
20;20
20;20
20;20
20;20
20;20
20;20
20;20
20;20
20;20
20;20
20;20
20;20
20;20
20;20
20;20
21;21
21;21
21;21
21;21
21;21
21;21
21;21
21;21
21;21
21;21
21;21
21;21
21;21
21;21
21;21
21;21
21;21
21;21
21;21
21;21
21;21
21;21
21;21
21;21
21;21
21;21
22;22
22;22
22;22
22;22
22;22
22;22
22;22
22;22
22;22
22;22
22;22
22;22
22;22
22;22
22;22
22;22
23;23
23;23
23;23
23;23
23;23
23;23
23;23
23;23
23;23
23;23
23;23
23;23
23;23
23;23
23;23
23;23
23;23
23;23
23;23
23;23
24;24
24;24
24;24
24;24
24;24
24;24
24;24
24;24
24;24
24;24
24;24
24;24
24;24
24;24
24;24
24;24
24;24
24;24
24;24
24;24
24;24
25;25
25;25
25;25
25;25
25;25
25;25
25;25
25;25
25;25
25;25
25;25
25;25
25;25
25;25
25;25
25;25
25;25
25;25
25;25
25;25
25;25
25;25
25;25
26;26
26;26
26;26
26;26
26;26
26;26
26;26
26;26
26;26
26;26
26;26
26;26
26;26
26;26
26;26
26;26
26;26
26;26
27;27
27;27
27;27
27;27
27;27
27;27
27;27
27;27
27;27
27;27
27;27
27;27
27;27
27;27
27;27
27;27
27;27
27;27
27;27
27;27
28;28
28;28
28;28
28;28
28;28
28;28
28;28
28;28
28;28
28;28
28;28
28;28
28;28
28;28
28;28
29;29
29;29
29;29
29;29
29;29
29;29
29;29
29;29
29;29
29;29
29;29
29;29
29;29
29;29
29;29
29;29
29;29
29;29
30;30
30;30
30;30
30;30
30;30
30;30
30;30
30;30
30;30
30;30
30;30
30;30
30;30
30;30
30;30
30;30
30;30
30;30
30;30
31;31
31;31
31;31
31;31
31;31
31;31
31;31
31;31
31;31
31;31
31;31
31;31
31;31
31;31
31;31
31;31
31;31
31;31
31;31
31;31
32;32
32;32
32;32
32;32
32;32
32;32
32;32
32;32
32;32
32;32
32;32
32;32
32;32
32;32
32;32
33;33
33;33
33;33
33;33
33;33
33;33
33;33
33;33
33;33
33;33
33;33
33;33
33;33
33;33
33;33
33;33
33;33
33;33
33;33
33;33
33;33
33;33
33;33
33;33
34;34
34;34
34;34
34;34
34;34
34;34
34;34
34;34
34;34
34;34
34;34
34;34
34;34
34;34
34;34
34;34
34;34
34;34
34;34
34;34
34;34
34;34
34;34
34;34
34;34
34;34
34;34
35;35
35;35
35;35
35;35
35;35
35;35
35;35
35;35
35;35
35;35
35;35
35;35
35;35
35;35
35;35
35;35
35;35
35;35
35;35
35;35
35;35
35;35
35;35
35;35
35;35
35;35
35;35
36;36
36;36
36;36
36;36
36;36
36;36
36;36
36;36
36;36
36;36
36;36
36;36
36;36
36;36
36;36
36;36
36;36
36;36
36;36
36;36
36;36
36;36
36;36
37;37
37;37
37;37
37;37
37;37
37;37
37;37
37;37
37;37
37;37
37;37
37;37
37;37
37;37
37;37
37;37
37;37
37;37
37;37
37;37
37;37
37;37
37;37
37;37
38;38
38;38
38;38
38;38
38;38
38;38
38;38
38;38
38;38
38;38
38;38
38;38
38;38
38;38
38;38
38;38
38;38
38;38
38;38
38;38
38;38
38;38
39;39
39;39
39;39
39;39
39;39
39;39
39;39
39;39
39;39
39;39
39;39
39;39
39;39
39;39
39;39
39;39
40;40
40;40
40;40
40;40
40;40
40;40
40;40
40;40
40;40
40;40
40;40
40;40
40;40
40;40
40;40
40;40
40;40
40;40
40;40
41;41
41;41
41;41
41;41
41;41
41;41
41;41
41;41
41;41
41;41
41;41
41;41
41;41
41;41
41;41
41;41
42;42
42;42
42;42
42;42
42;42
42;42
42;42
42;42
42;42
42;42
42;42
42;42
42;42
42;42
42;42
42;42
42;42
42;42
42;42
42;42
43;43
43;43
43;43
43;43
43;43
43;43
43;43
43;43
43;43
43;43
43;43
43;43
43;43
43;43
43;43
43;43
44;44
44;44
44;44
44;44
44;44
44;44
44;44
44;44
44;44
44;44
44;44
44;44
44;44
44;44
44;44
44;44
44;44
44;44
44;44
44;44
45;45
45;45
45;45
45;45
45;45
45;45
45;45
45;45
45;45
45;45
45;45
45;45
45;45
45;45
45;45
45;45
45;45
45;45
45;45
45;45
45;45
45;45
45;45
46;46
46;46
46;46
46;46
46;46
46;46
46;46
46;46
46;46
46;46
46;46
46;46
46;46
46;46
46;46
46;46
46;46
46;46
46;46
47;47
47;47
47;47
47;47
47;47
47;47
47;47
47;47
47;47
47;47
47;47
47;47
47;47
48;48
48;48
48;48
48;48
48;48
48;48
48;48
48;48
48;48
48;48
48;48
48;48
48;48
48;48
48;48
49;49
49;49
49;49
49;49
49;49
49;49
49;49
49;49
49;49
49;49
49;49
49;49
49;49
49;49
49;49
49;49
49;49
49;49
49;49
49;49
50;50
50;50
50;50
50;50
50;50
50;50
50;50
50;50
50;50
50;50
50;50
50;50
50;50
50;50
50;50
50;50
50;50
50;50
51;51
51;51
51;51
51;51
51;51
51;51
51;51
51;51
51;51
51;51
51;51
51;51
51;51
51;51
51;51
51;51
51;51
51;51
51;51
51;51
51;51
51;51
51;51
51;51
52;52
52;52
52;52
52;52
52;52
52;52
52;52
52;52
52;52
52;52
52;52
52;52
52;52
52;52
52;52
52;52
52;52
52;52
52;52
52;52
53;53
53;53
53;53
53;53
53;53
53;53
53;53
53;53
53;53
53;53
53;53
53;53
53;53
53;53
53;53
53;53
53;53
53;53
53;53
54;54
54;54
54;54
54;54
54;54
54;54
54;54
54;54
54;54
54;54
54;54
54;54
54;54
54;54
54;54
54;54
54;54
54;54
54;54
54;54
55;55
55;55
55;55
55;55
55;55
55;55
55;55
55;55
55;55
55;55
55;55
55;55
55;55
55;55
55;55
55;55
55;55
55;55
55;55
55;55
55;55
55;55
55;55
55;55
55;55
55;55
56;56
56;56
56;56
56;56
56;56
56;56
56;56
56;56
56;56
56;56
56;56
56;56
56;56
56;56
56;56
56;56
56;56
56;56
56;56
56;56
56;56
56;56
56;56
56;56
56;56
56;56
56;56
56;56
56;56
57;57
57;57
57;57
57;57
57;57
57;57
57;57
57;57
57;57
57;57
57;57
57;57
57;57
57;57
57;57
58;58
58;58
58;58
58;58
58;58
58;58
58;58
58;58
58;58
58;58
58;58
58;58
58;58
58;58
58;58
58;58
58;58
58;58
58;58
58;58
58;58
59;59
59;59
59;59
59;59
59;59
59;59
59;59
59;59
59;59
59;59
59;59
59;59
59;59
59;59
59;59
59;59
59;59
59;59
59;59
59;59
59;59
59;58,1
59;58,1
59;57,2
60;60
60;60
60;60
60;60
60;60
60;60
60;60
60;60
60;60
60;60
60;60
60;60
60;60
60;60
60;60
60;60
61;61
61;61
61;61
61;61
61;61
61;61
61;61
61;61
61;61
61;61
61;61
61;61
61;61
61;61
61;61
61;61
61;61
61;61
61;61
61;61
62;62
62;62
62;62
62;62
62;62
62;62
62;62
62;62
62;62
62;62
62;62
62;62
62;62
62;62
62;62
62;62
62;62
62;62
63;63
63;63
63;63
63;63
63;63
63;63
63;63
63;63
63;63
63;63
63;63
63;63
63;63
63;63
63;63
63;63
63;63
63;63
63;63
63;63
63;63
63;63
63;63
64;64
64;64
64;64
64;64
64;64
64;64
64;64
64;64
64;64
64;64
64;64
64;64
64;64
64;64
64;64
64;63,1
64;63,1
64;63,1
64;63,1
64;63,1
64;63,1
64;63,1
65;65
65;65
65;65
65;65
65;65
65;65
65;65
65;65
65;65
65;65
65;65
65;65
65;65
65;65
65;65
65;65
65;65
65;65
65;65
65;65
65;65
65;65
66;66
66;66
66;66
66;66
66;66
66;66
66;66
66;66
66;66
66;66
66;66
66;66
66;66
66;65,1
66;65,1
66;63,3
66;63,3
66;63,3
67;67
67;67
67;67
67;67
67;67
67;67
67;67
67;67
67;67
67;67
67;67
67;67
68;68
68;68
68;68
68;68
68;68
68;68
68;68
68;68
68;68
68;68
68;68
68;68
68;68
68;68
68;68
68;68
68;68
68;68
68;68
68;68
68;68
69;69
69;69
69;69
69;69
69;69
69;69
69;69
69;69
69;69
69;69
69;69
69;69
69;69
69;69
69;69
69;69
69;69
69;69
69;69
69;68,1
69;68,1
69;68,1
69;68,1
69;67,2
70;70
70;70
70;70
70;70
70;70
70;70
70;70
70;70
70;70
70;70
70;70
70;70
70;70
70;70
70;70
70;70
70;70
70;70
70;70
70;70
70;70
70;70
70;70
70;70
71;71
71;71
71;71
71;71
71;71
71;71
71;71
71;71
71;71
71;71
71;71
71;71
71;71
72;72
72;72
72;72
72;72
72;72
72;72
72;72
72;72
72;72
72;72
72;72
72;72
72;72
72;72
72;72
72;72
72;72
72;72
72;72
72;72
72;72
72;72
72;72
72;72
72;72
72;72
72;71,1
72;71,1
72;71,1
72;71,1
73;73
73;73
73;73
73;73
73;73
73;73
73;73
73;73
73;73
73;73
73;73
73;73
73;73
73;73
73;73
73;73
73;73
73;73
73;73
73;71,2
73;70,3
73;70,3
73;70,3
73;70,3
73;70,3
73;70,3
73;70,3
74;74
74;74
74;74
74;74
74;74
74;74
74;74
74;74
74;74
74;74
74;74
74;74
74;74
74;74
74;74
74;74
74;74
74;70,4
74;70,4
74;70,4
74;70,4
74;70,4
74;70,4
74;70,4
74;70,4
75;75
75;75
75;75
75;75
75;75
75;75
75;75
75;75
75;75
75;75
75;75
75;75
75;75
75;75
75;75
75;75
75;75
75;75
75;75
75;75
75;75
75;70,5
75;70,5
75;70,5
75;70,5
75;70,5
75;70,5
75;70,5
76;76
76;76
76;76
76;76
76;76
76;76
76;76
76;76
76;76
76;76
76;76
76;76
76;76
76;76
76;76
77;77
77;77
77;77
77;77
77;77
77;77
77;77
77;77
77;77
77;77
77;77
77;77
77;77
77;77
77;77
77;76,1
78;78
78;78
78;78
78;78
78;78
78;78
78;78
78;78
78;78
78;78
78;78
79;79
79;79
79;79
79;79
79;79
79;79
79;79
79;79
79;79
79;79
79;79
79;79
79;79
79;79
79;79
79;79
79;79
79;79
79;79
79;79
79;79
79;79
80;80
80;80
80;80
80;80
80;80
80;80
80;80
80;80
80;80
80;80
80;80
80;80
80;80
80;80
80;80
80;80
80;80
80;80
80;80
81;81
81;81
81;81
81;81
81;81
81;81
81;81
81;81
81;81
81;81
81;81
81;81
81;81
81;81
81;81
81;81
81;81
81;80,1
81;80,1
81;80,1
81;80,1
82;82
82;82
82;82
82;82
82;82
82;82
82;82
82;82
82;82
82;82
82;82
82;82
82;82
82;82
82;82
82;82
82;80,2
82;80,2
82;80,2
82;80,2
82;80,2
82;80,2
82;80,2
82;80,2
82;80,2
82;80,2
83;83
83;83
83;83
83;83
83;83
83;83
83;83
83;83
83;83
83;83
83;83
83;83
83;83
83;83
83;83
84;84
84;84
84;84
84;84
84;84
84;84
84;84
84;84
84;84
84;84
84;84
84;84
84;84
84;84
84;84
84;84
84;83,1
84;83,1
84;83,1
84;83,1
84;80,4
84;80,4
85;85
85;85
85;85
85;85
85;85
85;85
85;85
85;85
85;85
85;85
85;85
85;85
85;85
85;85
85;85
85;85
85;85
85;85
85;85
85;85
85;85
85;85
85;80,5
85;80,5
85;80,5
85;80,5
85;80,5
86;86
86;86
86;86
86;86
86;86
86;86
86;86
86;86
86;86
86;86
86;86
86;86
86;86
86;80,6
86;80,6
86;80,6
86;80,6
86;80,6
87;87
87;87
87;87
87;87
87;87
87;87
87;87
87;87
87;87
87;87
87;80,7
87;80,7
87;80,7
87;80,7
87;80,7
87;79,8
87;79,8
87;79,8
87;78,9
87;78,9
88;88
88;88
88;88
88;88
88;88
88;88
88;88
88;88
88;88
88;78,10
88;78,10
88;78,10
88;76,12
88;76,12
88;70,18
88;70,18
88;70,18
88;70,18
88;70,18
89;89
89;89
89;89
89;89
89;89
89;89
89;89
89;89
89;89
89;89
89;89
89;89
89;89
89;89
89;89
89;89
89;89
89;89
89;89
89;89
89;89
89;70,19
89;67,22
89;67,22
90;90
90;90
90;90
90;90
90;90
90;90
90;90
90;90
90;90
90;90
90;90
90;90
90;90
90;90
90;90
91;91
91;91
91;91
91;91
91;91
91;91
91;91
91;91
91;91
91;91
91;91
91;91
91;91
91;91
91;91
91;91
91;91
91;91
91;90,1
91;90,1
91;90,1
91;90,1
92;92
92;92
92;92
92;92
92;92
92;92
92;92
92;92
92;92
92;90,2
92;90,2
92;90,2
92;90,2
92;90,2
92;90,2
92;90,2
92;90,2
92;90,2
92;90,2
93;93
93;93
93;93
93;93
93;93
93;93
93;93
93;93
93;93
93;93
93;93
93;93
93;93
93;93
93;93
93;90,3
93;90,3
93;90,3
93;90,3
93;90,3
93;90,3
93;90,3
93;90,3
94;94
94;94
94;94
94;94
94;94
94;94
94;94
94;94
94;94
94;94
94;94
94;94
94;94
94;90,4
94;67,27
94;67,27
94;67,27
94;67,27
95;95
95;95
95;95
95;95
95;95
95;95
95;95
95;95
95;95
95;95
95;95
95;95
95;95
95;95
95;95
95;95
95;95
95;67,28
95;67,28
95;63,32
95;63,32
95;63,32
95;62,33
95;62,33
95;62,33
96;96
96;96
96;96
96;96
96;96
96;96
96;96
96;96
96;96
96;96
96;96
96;96
96;96
96;96
96;96
96;96
96;62,34
96;61,35
96;60,36
96;60,36
96;60,36
96;60,36
96;60,36
96;60,36
96;60,36
97;97
97;97
97;97
97;97
97;97
97;97
97;97
97;97
97;97
97;97
97;97
97;97
97;60,37
97;60,37
97;60,37
97;60,37
97;60,37
97;60,37
98;98
98;98
98;98
98;98
98;98
98;98
98;98
98;98
98;98
98;98
98;98
98;98
98;98
98;98
98;60,38
98;60,38
98;60,38
98;60,38
98;60,38
98;60,38
98;60,38
98;60,38
98;60,38
99;99
99;99
99;99
99;99
99;99
99;99
99;99
99;99
99;99
99;99
99;99
99;99
99;99
99;99
99;99
99;99
99;60,39
99;60,39
99;60,39
99;60,39
99;60,39
99;60,39
100;100
100;100
100;100
100;100
100;100
100;100
100;100
100;100
100;100
100;100
100;100
100;100
100;100
100;100
100;100
100;100
100;100
100;100
100;100
100;100
100;100
100;100
100;100
100;100
100;100
100;100
100;100
100;100
100;100
110;110
110;110
110;110
110;110
110;110
110;110
110;110
110;110
110;110
110;110
110;110
110;110
110;110
110;110
120;120
120;120
120;120
120;120
120;120
120;120
120;120
120;120
130;130
130;130
130;130
130;130
130;130
130;130
130;130
130;130
130;130
130;130
130;130
130;130
130;130
130;130
130;130
130;130
140;140
140;140
140;140
140;140
140;140
140;140
140;140
140;140
140;140
140;140
140;140
150;150
150;150
150;150
150;150
150;150
150;150
150;150
160;160
160;160
160;160
160;160
160;160
160;160
160;160
160;160
160;160
160;160
160;160
160;160
160;160
160;160
160;160
160;160
160;160
170;170
170;170
170;170
170;170
170;170
170;170
170;170
170;170
170;170
170;170
170;170
180;180
180;180
180;180
180;180
180;180
180;180
180;180
180;180
180;180
190;190
190;190
190;190
190;190
190;190
190;190
190;190
200;200
200;200
200;200
200;200
200;200
200;200
200;200
200;200
200;200
200;200
200;200
200;200
200;200
200;200
200;200
210;210
210;210
210;210
210;210
210;210
210;210
210;210
210;210
210;210
210;210
210;210
210;210
220;220
220;220
220;220
220;220
220;220
220;220
220;220
220;220
220;220
220;220
220;220
220;220
220;220
230;230
230;230
230;230
230;230
230;230
240;240
240;240
240;240
240;240
240;240
240;240
240;240
240;240
240;240
240;240
240;240
240;240
250;250
250;250
250;250
250;250
250;250
250;250
250;250
250;250
250;250
250;250
250;250
260;260
260;260
260;260
260;260
260;260
260;260
260;260
260;260
270;270
270;270
270;270
270;270
270;270
270;270
270;270
270;270
280;280
280;280
280;280
280;280
280;280
280;280
280;280
280;280
280;280
280;280
280;280
280;280
280;280
280;280
280;280
280;280
280;280
280;280
290;290
290;290
290;290
290;290
290;290
290;290
290;290
290;290
290;290
300;300
300;300
300;300
300;300
300;300
300;300
300;300
300;300
300;300
300;300
300;300
300;300
300;300
300;300
300;300
300;300
300;300
310;310
310;310
310;310
310;310
310;310
310;310
310;310
310;310
310;310
310;310
310;310
310;310
320;320
320;320
320;320
320;320
320;320
320;320
320;320
320;320
320;320
330;330
330;330
330;330
330;330
330;330
330;330
330;330
330;330
330;330
330;330
330;330
340;340
340;340
340;340
340;340
340;340
340;340
340;340
350;350
350;350
350;350
350;350
350;350
350;350
350;350
350;350
350;350
350;350
350;350
350;350
360;360
360;360
360;360
360;360
360;360
360;360
360;360
360;360
360;360
360;360
360;360
370;370
370;370
370;370
370;370
370;370
370;370
370;370
370;370
370;370
370;370
380;380
380;380
380;380
380;380
380;380
380;380
380;380
380;380
380;380
380;380
380;380
380;380
380;380
380;380
380;380
390;390
390;390
390;390
390;390
390;390
390;390
390;390
400;400
400;400
400;400
400;400
400;400
400;400
400;400
410;410
410;410
410;410
410;410
410;410
410;410
410;410
420;420
420;420
420;420
420;420
420;420
420;420
420;420
420;420
420;420
420;420
420;420
420;420
420;420
420;420
430;430
430;430
430;430
430;430
430;430
430;430
430;430
440;440
440;440
440;440
440;440
440;440
440;440
440;440
440;440
440;440
440;440
440;440
440;440
440;440
450;450
450;450
450;450
450;450
450;450
450;450
450;450
450;450
450;450
450;450
460;460
460;460
460;460
460;460
460;460
460;460
460;460
460;460
460;460
460;460
460;460
460;460
460;460
470;470
470;470
470;470
470;470
470;470
470;470
470;470
470;470
470;470
470;470
470;470
470;470
470;470
470;470
470;470
480;480
480;480
480;480
480;480
480;480
480;480
480;480
480;480
480;480
480;480
480;480
480;480
480;480
480;480
490;490
490;490
490;490
490;490
490;490
490;490
490;490
490;490
490;490
490;490
490;490
490;490
500;500
500;500
500;500
500;500
500;500
500;500
500;500
500;500
500;500
500;500
500;500
510;510
510;510
510;510
510;510
510;510
510;510
510;510
510;510
510;510
510;510
510;510
510;510
510;510
520;520
520;520
520;520
520;520
520;520
520;520
520;520
520;520
520;520
520;520
520;520
520;520
520;520
520;520
520;520
530;530
530;530
530;530
530;530
530;530
530;530
530;530
530;530
530;530
530;530
530;530
530;530
530;530
540;540
540;540
540;540
540;540
540;540
540;540
540;540
540;540
540;540
540;540
540;540
540;540
540;540
540;540
550;550
550;550
550;550
550;550
550;550
550;550
550;550
560;560
560;560
560;560
560;560
560;560
560;560
560;560
560;560
560;560
560;560
560;560
560;560
570;570
570;570
570;570
570;570
570;570
570;570
570;570
570;570
570;570
570;570
570;570
570;570
570;570
570;570
580;580
580;580
580;580
580;580
580;580
580;580
580;580
580;580
580;580
580;580
580;580
590;590
590;590
590;590
590;590
590;590
590;590
590;590
590;590
590;590
590;590
590;590
600;600
600;600
600;600
600;600
600;600
600;600
600;600
600;600
600;600
600;600
600;600
610;610
610;610
610;610
610;610
610;610
610;610
610;610
610;610
620;620
620;620
620;620
620;620
620;620
620;620
620;620
620;620
620;620
620;620
620;620
620;620
620;620
620;620
620;620
620;620
630;630
630;630
630;630
630;630
630;630
630;630
630;630
630;630
630;630
630;630
630;630
630;630
640;640
640;640
640;640
640;640
640;640
640;640
640;640
640;640
640;640
640;640
640;640
650;650
650;650
650;650
650;650
650;650
650;643,7
650;640,10
650;640,10
660;660
660;660
660;660
660;660
660;660
660;660
660;660
660;660
660;660
660;660
660;660
660;660
660;660
660;660
660;660
660;652,8
660;635,25
660;630,30
660;630,30
660;630,30
660;630,30
660;630,30
660;620,40
660;620,40
660;620,40
670;670
670;670
670;670
670;670
670;670
670;670
670;670
670;670
670;670
680;680
680;680
680;680
680;680
680;680
680;680
680;680
680;680
680;680
680;680
680;680
680;680
680;680
680;680
680;680
690;690
690;690
690;690
700;700
700;700
700;700
700;700
700;700
700;700
700;700
700;700
700;700
700;700
700;700
710;710
710;710
710;710
710;710
710;710
710;710
710;710
710;710
710;710
710;710
710;710
710;710
710;710
710;710
710;710
710;710
710;710
720;720
720;720
720;720
720;720
720;720
720;720
720;720
720;720
720;720
720;720
720;720
720;720
720;720
730;730
730;730
730;730
730;730
730;730
730;730
730;730
730;730
730;730
730;730
740;740
740;740
740;740
740;740
740;740
740;740
740;740
740;740
740;740
740;740
740;740
740;740
750;750
750;750
750;750
750;750
750;750
750;750
750;745,5
750;740,10
750;740,10
760;760
760;760
760;760
760;760
760;760
760;760
760;760
760;760
770;770
770;770
770;770
770;770
770;770
770;770
780;780
780;780
780;780
780;780
780;780
780;780
780;780
780;780
780;780
780;777,3
780;775,5
780;771,9
790;790
790;790
790;790
790;790
790;790
790;790
790;790
790;790
790;790
790;790
790;790
790;790
790;790
790;790
790;784,6
790;761,29
790;733,57
800;800
800;800
800;800
800;800
800;800
800;800
800;800
800;800
800;800
800;800
800;800
800;800
800;800
800;800
800;800
800;800
810;810
810;810
810;810
810;810
810;810
810;810
810;810
810;800,10
810;800,10
810;800,10
810;800,10
820;820
820;820
820;820
820;820
820;820
820;820
830;830
830;830
830;830
830;830
830;830
830;830
830;830
830;830
830;826,4
830;820,10
840;840
840;840
840;840
840;840
840;840
840;840
840;840
840;840
840;840
840;840
840;840
840;840
840;840
840;820,20
840;820,20
840;820,20
840;820,20
840;820,20
840;820,20
840;820,20
840;800,40
850;850
850;850
850;850
850;850
850;850
850;850
850;850
850;800,50
850;800,50
860;860
860;860
860;860
860;860
860;860
860;860
860;860
860;860
860;860
860;800,60
870;870
870;870
870;870
870;870
870;870
870;870
870;870
870;800,70
870;800,70
870;800,70
880;880
880;880
880;880
880;880
880;880
880;880
880;880
880;880
880;880
890;890
890;890
890;890
890;890
890;890
890;880,10
900;900
900;900
900;900
900;900
900;900
900;900
900;900
900;900
900;900
900;900
900;900
900;900
900;900
910;910
910;910
910;910
910;910
910;910
910;910
910;910
910;910
910;910
910;910
920;920
920;920
920;920
920;920
920;920
920;920
920;920
920;920
920;920
920;900,20
930;930
930;930
930;930
930;930
930;930
930;930
930;930
930;929,1
930;900,30
930;900,30
930;900,30
940;940
940;940
940;940
940;940
940;940
940;940
940;940
940;940
940;940
940;940
940;940
940;940
940;940
940;935,5
940;900,40
940;900,40
940;900,40
940;900,40
940;900,40
940;900,40
940;900,40
950;950
950;950
950;950
950;950
950;950
950;950
950;950
950;950
950;950
950;950
950;950
950;950
950;950
960;960
960;960
960;960
960;960
960;960
960;960
960;960
960;900,60
960;900,60
960;900,60
960;900,60
960;900,60
960;880,80
970;970
970;970
970;970
970;970
980;980
980;980
980;980
980;980
980;980
980;980
980;980
980;980
980;980
990;990
990;990
990;990
990;990
990;990
990;990
1000;1000
1000;1000
1000;1000
1000;1000
1000;1000
1000;1000
1000;1000
1000;1000
1000;1000
1000;1000
1000;1000
1000;1000
1000;1000
1100;1100
1100;1100
1100;1100
1100;1100
1100;1100
1100;1100
1100;1100
1100;1100
1200;1200
1200;1200
1200;1200
1200;1200
1200;1200
1200;1200
1200;1200
1200;1200
1200;1200
1200;1200
1300;1300
1300;1300
1300;1300
1300;1300
1300;1300
1300;1300
1300;1300
1300;1300
1300;1300
1300;1300
1300;1300
1300;1300
1300;1300
1300;1300
1300;1300
1400;1400
1400;1400
1400;1400
1400;1400
1400;1400
1400;1400
1500;1500
1500;1500
1500;1500
1500;1500
1500;1500
1500;1500
1500;1500
1500;1500
1500;1500
1500;1500
1500;1500
1600;1600
1600;1600
1600;1600
1600;1600
1600;1600
1600;1600
1600;1600
1600;1600
1700;1700
1700;1700
1700;1700
1700;1700
1700;1700
1700;1700
1700;1700
1700;1700
1700;1700
1700;1700
1700;1700
1700;1700
1700;1700
1800;1800
1800;1800
1800;1800
1800;1800
1800;1800
1800;1800
1900;1900
1900;1900
1900;1900
1900;1900
1900;1900
1900;1900
1900;1900
1900;1900
1900;1900
1900;1900
1900;1900
1900;1900
1900;1900
1900;1900
1900;1900
1900;1900
1900;1900
1900;1900
1900;1900
2000;2000
2000;2000
2000;2000
2000;2000
2000;2000
2000;2000
2000;2000
2000;2000
2000;2000
2000;2000
2000;2000
2000;2000
2000;2000
2100;2100
2100;2100
2100;2100
2100;2100
2100;2100
2100;2100
2100;2100
2100;2100
2100;2100
2100;2100
2100;2100
2100;2100
2100;2100
2200;2200
2200;2200
2200;2200
2200;2200
2200;2200
2200;2200
2200;2200
2200;2200
2200;2200
2200;2200
2300;2300
2300;2300
2300;2300
2300;2300
2300;2300
2300;2300
2300;2300
2300;2300
2300;2300
2400;2400
2400;2400
2400;2400
2400;2400
2400;2400
2400;2400
2400;2400
2400;2400
2400;2400
2400;2400
2400;2400
2500;2500
2500;2500
2500;2500
2500;2500
2500;2500
2500;2500
2500;2500
2500;2500
2500;2500
2500;2500
2500;2500
2500;2500
2600;2600
2600;2600
2600;2600
2600;2600
2600;2600
2600;2600
2600;2600
2600;2600
2600;2600
2600;2600
2700;2700
2700;2700
2700;2700
2700;2700
2700;2700
2700;2700
2700;2700
2700;2700
2700;2700
2700;2700
2700;2700
2700;2700
2700;2700
2800;2800
2800;2800
2800;2800
2800;2800
2800;2800
2800;2800
2800;2800
2800;2800
2800;2800
2800;2800
2800;2800
2900;2900
2900;2900
2900;2900
2900;2900
2900;2900
2900;2900
2900;2900
3000;3000
3000;3000
3000;3000
3000;3000
3000;3000
3000;3000
3000;3000
3100;3100
3100;3100
3100;3100
3100;3100
3100;3100
3100;3100
3100;3100
3100;3100
3100;3100
3100;3100
3100;3100
3200;3200
3200;3200
3200;3200
3200;3200
3200;3200
3200;3200
3200;3200
3200;3200
3200;3200
3200;3200
3200;3200
3300;3300
3300;3300
3300;3300
3300;3300
3300;3300
3300;3300
3300;3300
3300;3300
3300;3300
3300;3300
3300;3300
3300;3300
3300;3300
3300;3300
3300;3300
3300;3300
3300;3300
3300;3300
3400;3400
3400;3400
3400;3400
3400;3400
3400;3400
3400;3400
3400;3400
3400;3400
3400;3400
3400;3400
3400;3400
3400;3400
3500;3500
3500;3500
3500;3500
3500;3500
3500;3500
3500;3500
3500;3500
3500;3500
3500;3500
3500;3500
3500;3500
3500;3500
3600;3600
3600;3600
3600;3600
3600;3600
3600;3600
3600;3600
3600;3600
3700;3700
3700;3700
3700;3700
3700;3700
3700;3700
3700;3700
3700;3700
3700;3700
3700;3700
3700;3700
3700;3700
3700;3700
3700;3700
3700;3700
3800;3800
3800;3800
3800;3800
3800;3800
3800;3800
3800;3800
3800;3800
3800;3800
3800;3800
3800;3800
3800;3800
3800;3800
3900;3900
3900;3900
3900;3900
3900;3900
3900;3900
3900;3900
3900;3900
3900;3900
3900;3900
3900;3900
3900;3900
4000;4000
4000;4000
4000;4000
4000;4000
4000;4000
4000;4000
4000;4000
4000;4000
4000;4000
4000;4000
4000;4000
4000;4000
4000;4000
4100;4100
4100;4100
4100;4100
4100;4100
4100;4100
4100;4100
4100;4100
4100;4100
4100;4100
4100;4100
4100;4100
4200;4200
4200;4200
4200;4200
4200;4200
4200;4200
4200;4200
4200;4200
4200;4200
4200;4200
4200;4200
4200;4200
4200;4200
4300;4300
4300;4300
4300;4300
4300;4300
4300;4300
4300;4300
4300;4300
4300;4300
4300;4300
4400;4400
4400;4400
4400;4400
4400;4400
4400;4400
4400;4400
4400;4400
4400;4400
4400;4400
4400;4400
4500;4500
4500;4500
4500;4500
4500;4500
4500;4500
4500;4500
4500;4500
4500;4500
4500;4500
4500;4500
4600;4600
4600;4600
4600;4600
4600;4600
4600;4600
4600;4600
4600;4600
4600;4600
4600;4600
4600;4600
4600;4600
4600;4600
4700;4700
4700;4700
4700;4700
4700;4700
4700;4700
4700;4700
4800;4800
4800;4800
4800;4800
4800;4800
4800;4800
4800;4800
4800;4800
4800;4800
4800;4800
4800;4800
4800;4800
4900;4900
4900;4900
4900;4900
4900;4900
4900;4900
4900;4900
4900;4900
4900;4900
4900;4900
4900;4900
4900;4900
4900;4900
4900;4900
4900;4900
4900;4900
5000;5000
5000;5000
5000;5000
5000;5000
5000;5000
5000;5000
5000;5000
5000;5000
5000;5000
5100;5100
5100;5100
5100;5100
5100;5100
5100;5100
5100;5100
5100;5100
5200;5200
5200;5200
5200;5200
5200;5200
5200;5200
5200;5200
5200;5200
5300;5300
5300;5300
5300;5300
5300;5300
5300;5300
5300;5300
5300;5300
5300;5300
5300;5200,100
5300;5200,100
5300;5200,100
5300;5120,180
5300;5100,200
5300;5100,200
5300;5100,200
5300;5100,200
5400;5400
5400;5400
5400;5400
5400;5400
5400;5400
5400;5400
5400;5400
5400;5400
5400;5400
5400;5400
5400;5400
5400;5400
5400;5100,300
5500;5500
5500;5500
5500;5500
5500;5500
5500;5500
5500;5500
5500;5500
5500;5500
5500;5500
5600;5600
5600;5600
5600;5600
5600;5600
5600;5600
5600;5600
5600;5600
5600;5600
5600;5600
5700;5700
5700;5700
5700;5700
5700;5700
5700;5700
5700;5700
5700;5700
5700;5700
5700;5700
5700;5700
5700;5700
5700;5700
5700;5700
5700;5700
5700;5700
5700;5660,40
5800;5800
5800;5800
5800;5800
5800;5800
5800;5800
5800;5800
5800;5800
5800;5800
5800;5800
5800;5800
5800;5620,180
5800;5600,200
5900;5900
5900;5900
5900;5900
5900;5900
5900;5900
5900;5900
5900;5900
5900;5900
5900;5900
5900;5900
5900;5900
6000;6000
6000;6000
6000;6000
6000;6000
6000;6000
6000;6000
6000;6000
6000;6000
6000;6000
6000;6000
6000;6000
6000;6000
6000;6000
6000;6000
6100;6100
6100;6100
6100;6100
6100;6100
6100;6100
6100;6100
6100;6100
6100;6100
6100;6100
6200;6200
6200;6200
6200;6200
6200;6200
6200;6200
6200;6200
6200;6200
6200;6200
6200;6200
6200;6200
6200;6200
6200;6200
6200;6200
6200;6200
6200;6200
6300;6300
6300;6300
6300;6300
6300;6300
6300;6300
6300;6300
6300;6300
6300;6300
6300;6300
6300;6300
6300;6300
6300;6300
6300;6200,100
6300;6200,100
6300;6160,140
6300;6100,200
6400;6400
6400;6400
6400;6400
6400;6400
6400;6400
6400;6400
6400;6400
6400;6400
6400;6400
6400;6400
6400;6400
6500;6500
6500;6500
6500;6500
6500;6500
6500;6500
6500;6500
6500;6500
6500;6500
6500;6500
6500;6500
6600;6600
6600;6600
6600;6600
6600;6600
6600;6600
6600;6600
6600;6600
6600;6600
6600;6600
6600;6600
6600;6520,80
6600;6500,100
6700;6700
6700;6700
6700;6700
6700;6700
6700;6700
6700;6700
6700;6700
6700;6700
6700;6700
6700;6700
6700;6700
6800;6800
6800;6800
6800;6800
6800;6800
6800;6800
6800;6800
6800;6800
6800;6800
6800;6800
6900;6900
6900;6900
6900;6900
6900;6900
6900;6900
6900;6900
6900;6900
6900;6900
6900;6900
6900;6900
7000;7000
7000;7000
7000;7000
7000;7000
7000;7000
7000;7000
7000;7000
7000;7000
7000;7000
7000;7000
7000;7000
7000;7000
7000;7000
7000;7000
7000;7000
7000;7000
7100;7100
7100;7100
7100;7100
7100;7100
7100;7100
7100;7100
7100;7100
7100;7100
7100;7100
7200;7200
7200;7200
7200;7200
7200;7200
7200;7200
7200;7200
7200;7200
7200;7200
7300;7300
7300;7300
7300;7300
7300;7300
7300;7300
7300;7300
7300;7300
7300;7300
7400;7400
7400;7400
7400;7400
7400;7400
7400;7400
7400;7400
7400;7400
7400;7400
7400;7400
7400;7400
7400;7400
7400;7400
7400;7400
7400;7400
7400;7400
7400;7300,100
7500;7500
7500;7500
7500;7500
7500;7500
7500;7500
7500;7500
7600;7600
7600;7600
7600;7600
7600;7600
7600;7600
7600;7600
7700;7700
7700;7700
7700;7700
7700;7700
7700;7700
7700;7700
7700;7700
7700;7700
7700;7600,100
7800;7800
7800;7800
7800;7800
7800;7800
7800;7800
7800;7800
7800;7800
7800;7800
7800;7800
7800;7800
7800;7760,40
7900;7900
7900;7900
7900;7900
7900;7900
7900;7900
7900;7900
7900;7900
7900;7600,300
7900;7580,320
7900;7570,330
7900;7300,600
8000;8000
8000;8000
8000;8000
8000;8000
8000;8000
8000;8000
8000;8000
8000;8000
8000;8000
8000;8000
8000;8000
8000;8000
8000;8000
8000;8000
8000;8000
8000;8000
8000;8000
8000;8000
8100;8100
8100;8100
8100;8100
8100;8100
8100;8100
8100;8030,70
8100;8000,100
8100;8000,100
8100;8000,100
8100;8000,100
8100;8000,100
8100;8000,100
8100;8000,100
8200;8200
8200;8200
8200;8200
8200;8200
8200;8200
8200;8200
8200;8200
8200;8200
8200;8200
8200;8200
8200;8200
8300;8300
8300;8300
8300;8300
8300;8300
8300;8300
8300;8300
8300;8300
8300;8300
8300;8300
8300;8300
8300;8300
8300;8296,4
8300;8280,20
8300;8240,60
8400;8400
8400;8400
8400;8400
8400;8400
8400;8400
8400;8400
8400;8400
8400;8390,10
8400;8309,91
8400;8000,400
8500;8500
8500;8500
8500;8500
8500;8500
8500;8500
8500;8500
8500;8500
8500;8500
8600;8600
8600;8600
8600;8600
8600;8600
8600;8600
8600;8600
8600;8500,100
8600;8500,100
8600;8500,100
8700;8700
8700;8700
8700;8700
8700;8700
8700;8700
8700;8700
8700;8700
8700;8000,700
8700;8000,700
8800;8800
8800;8800
8800;8800
8800;8800
8800;8800
8800;8800
8800;8800
8800;8800
8800;8800
8800;8748,52
8800;8000,800
8900;8900
8900;8900
8900;8900
8900;8900
8900;8900
8900;8900
8900;8900
8900;8900
8900;8900
8900;8900
9000;9000
9000;9000
9000;9000
9000;9000
9000;9000
9000;9000
9000;9000
9000;9000
9000;9000
9000;9000
9000;9000
9000;9000
9000;9000
9000;9000
9000;9000
9000;9000
9100;9100
9100;9100
9100;9100
9100;9100
9100;9100
9100;9100
9100;9100
9100;9100
9100;9000,100
9100;9000,100
9100;9000,100
9200;9200
9200;9200
9200;9200
9200;9200
9200;9200
9200;9200
9200;9200
9200;9200
9200;9000,200
9200;9000,200
9300;9300
9300;9300
9300;9300
9300;9300
9300;9300
9400;9400
9400;9400
9400;9400
9400;9400
9400;9400
9500;9500
9500;9500
9500;9500
9500;9500
9500;9400,100
9500;9300,200
9500;9300,200
9500;9300,200
9500;9000,500
9500;9000,500
9600;9600
9600;9600
9600;9600
9600;9600
9600;9600
9600;9600
9600;9600
9600;9600
9600;9600
9600;9600
9600;9600
9600;9600
9600;9000,600
9700;9700
9700;9700
9700;9700
9700;9700
9700;9700
9700;9660,40
9700;9000,700
9700;9000,700
9700;9000,700
9700;9000,700
9700;9000,700
9700;9000,700
9700;9000,700
9700;9000,700
9700;9000,700
9700;9000,700
9800;9800
9800;9800
9800;9800
9800;9800
9800;9800
9800;9800
9800;9000,800
9900;9900
9900;9900
9900;9900
9900;9900
9900;9900
9900;9900
9900;9900
9900;9000,900
9900;9000,900
9900;9000,900
9900;9000,900
9900;9000,900
9900;9000,900
10000;10000
10000;10000
10000;10000
10000;10000
10000;10000
10000;10000
10000;10000
10000;10000
10000;10000
10000;10000
10000;10000
10000;10000
11000;11000
11000;11000
11000;11000
11000;11000
11000;11000
11000;11000
12000;12000
12000;12000
12000;12000
12000;12000
12000;12000
12000;12000
12000;12000
13000;13000
13000;13000
13000;13000
13000;13000
13000;13000
13000;13000
13000;13000
13000;13000
13000;13000
13000;13000
13000;13000
14000;14000
14000;14000
14000;14000
14000;14000
14000;14000
14000;14000
14000;14000
14000;14000
14000;14000
14000;14000
15000;15000
15000;15000
15000;15000
15000;15000
15000;15000
15000;15000
15000;15000
15000;15000
15000;15000
15000;15000
15000;15000
15000;15000
15000;15000
15000;15000
15000;15000
16000;16000
16000;16000
16000;16000
16000;16000
16000;16000
16000;16000
16000;16000
16000;16000
16000;16000
17000;17000
17000;17000
17000;17000
17000;17000
17000;17000
17000;17000
17000;17000
17000;17000
17000;17000
17000;17000
17000;17000
18000;18000
18000;18000
18000;18000
18000;18000
18000;18000
18000;18000
18000;18000
19000;19000
19000;19000
19000;19000
19000;19000
19000;19000
19000;19000
19000;19000
19000;19000
19000;19000
19000;19000
19000;19000
19000;19000
19000;19000
19000;19000
20000;20000
20000;20000
20000;20000
20000;20000
20000;20000
20000;20000
20000;20000
20000;20000
20000;20000
20000;20000
20000;20000
21000;21000
21000;21000
21000;21000
21000;21000
21000;21000
21000;21000
21000;21000
21000;21000
21000;21000
21000;21000
21000;21000
22000;22000
22000;22000
22000;22000
22000;22000
22000;22000
22000;22000
22000;22000
22000;22000
22000;22000
22000;22000
22000;22000
23000;23000
23000;23000
23000;23000
23000;23000
23000;23000
23000;23000
23000;23000
23000;23000
23000;23000
23000;23000
24000;24000
24000;24000
24000;24000
24000;24000
24000;24000
24000;24000
24000;24000
24000;24000
24000;24000
24000;24000
25000;25000
25000;25000
25000;25000
25000;25000
25000;25000
25000;25000
25000;25000
25000;25000
25000;25000
26000;26000
26000;26000
26000;26000
26000;26000
26000;26000
26000;26000
26000;26000
26000;26000
26000;26000
26000;26000
27000;27000
27000;27000
27000;27000
28000;28000
28000;28000
28000;28000
28000;28000
28000;28000
28000;28000
28000;28000
28000;28000
28000;28000
29000;29000
29000;29000
29000;29000
29000;29000
29000;29000
29000;29000
29000;29000
29000;29000
29000;29000
30000;30000
30000;30000
30000;30000
30000;30000
30000;30000
30000;30000
30000;30000
30000;30000
30000;30000
30000;30000
30000;30000
30000;30000
30000;30000
30000;30000
30000;30000
30000;30000
30000;30000
30000;30000
30000;30000
31000;31000
31000;31000
31000;31000
31000;31000
31000;31000
31000;31000
31000;31000
31000;31000
32000;32000
32000;32000
32000;32000
32000;32000
32000;32000
32000;32000
32000;32000
32000;32000
32000;32000
32000;32000
32000;32000
32000;32000
32000;32000
32000;32000
32000;32000
33000;33000
33000;33000
33000;33000
33000;33000
33000;33000
33000;33000
33000;33000
33000;33000
33000;33000
33000;33000
33000;33000
33000;33000
33000;33000
33000;33000
34000;34000
34000;34000
34000;34000
34000;34000
34000;34000
34000;34000
34000;34000
34000;34000
34000;34000
34000;34000
35000;35000
35000;35000
35000;35000
35000;35000
35000;35000
35000;35000
35000;35000
35000;35000
36000;36000
36000;36000
36000;36000
36000;36000
36000;36000
36000;36000
36000;36000
36000;36000
36000;36000
36000;36000
37000;37000
37000;37000
37000;37000
37000;37000
37000;37000
37000;37000
37000;37000
37000;37000
37000;37000
38000;38000
38000;38000
38000;38000
38000;38000
38000;38000
38000;38000
38000;38000
38000;38000
38000;38000
38000;38000
38000;38000
38000;38000
39000;39000
39000;39000
39000;39000
39000;39000
39000;39000
39000;39000
39000;39000
39000;39000
39000;39000
39000;39000
39000;39000
39000;39000
40000;40000
40000;40000
40000;40000
40000;40000
40000;40000
40000;40000
40000;40000
40000;40000
40000;40000
40000;40000
40000;40000
40000;39880,120
41000;41000
41000;41000
41000;41000
41000;41000
41000;41000
41000;41000
41000;41000
41000;41000
41000;41000
41000;41000
42000;42000
42000;42000
42000;42000
42000;42000
42000;42000
42000;42000
42000;42000
42000;42000
42000;42000
43000;43000
43000;43000
43000;43000
43000;43000
43000;43000
43000;43000
43000;43000
43000;43000
43000;43000
43000;43000
43000;43000
43000;43000
43000;43000
43000;43000
44000;44000
44000;44000
44000;44000
44000;44000
44000;44000
44000;44000
44000;44000
44000;44000
44000;44000
44000;44000
44000;44000
44000;43890,110
44000;43600,400
44000;43000,1000
44000;43000,1000
44000;43000,1000
44000;43000,1000
44000;42700,1300
44000;42600,1400
45000;45000
45000;45000
45000;45000
45000;45000
45000;45000
45000;45000
45000;45000
45000;45000
45000;45000
45000;45000
45000;45000
45000;45000
45000;45000
46000;46000
46000;46000
46000;46000
46000;46000
46000;46000
46000;46000
46000;46000
46000;46000
46000;46000
46000;46000
46000;45800,200
46000;45600,400
46000;45500,500
47000;47000
47000;47000
47000;47000
47000;47000
47000;47000
47000;47000
48000;48000
48000;48000
48000;48000
48000;48000
48000;48000
48000;48000
48000;48000
48000;48000
48000;48000
48000;47900,100
48000;47800,200
48000;47000,1000
48000;46300,1700
49000;49000
49000;49000
49000;49000
49000;49000
49000;49000
49000;49000
49000;49000
49000;49000
49000;49000
49000;49000
49000;48800,200
49000;48500,500
50000;50000
50000;50000
50000;50000
50000;50000
50000;50000
50000;50000
50000;50000
50000;50000
50000;49200,800
51000;51000
51000;51000
51000;51000
51000;51000
51000;51000
51000;51000
51000;51000
51000;51000
51000;51000
51000;51000
52000;52000
52000;52000
52000;52000
52000;52000
52000;52000
52000;52000
52000;52000
53000;53000
53000;53000
53000;53000
53000;53000
53000;53000
53000;53000
53000;53000
53000;53000
53000;53000
53000;53000
53000;53000
53000;53000
53000;52100,900
53000;51800,1200
54000;54000
54000;54000
54000;54000
54000;54000
54000;54000
54000;54000
54000;54000
54000;54000
54000;54000
54000;54000
54000;54000
54000;53500,500
54000;50900,3100
54000;49200,4800
54000;46300,7700
54000;46130,7870
54000;45400,8600
54000;44200,9800
54000;42510,11490
55000;55000
55000;55000
55000;55000
55000;55000
55000;55000
55000;55000
55000;55000
55000;55000
55000;55000
55000;55000
55000;55000
55000;55000
55000;55000
55000;42000,13000
55000;42000,13000
55000;42000,13000
55000;42000,13000
56000;56000
56000;56000
56000;56000
56000;56000
56000;56000
56000;56000
56000;56000
56000;56000
57000;57000
57000;57000
57000;57000
57000;56000,1000
57000;56000,1000
57000;41000,16000
57000;41000,16000
57000;41000,16000
57000;41000,16000
57000;41000,16000
58000;58000
58000;58000
58000;58000
58000;58000
58000;58000
58000;57900,100
58000;41000,17000
59000;59000
59000;59000
59000;59000
59000;59000
59000;59000
59000;59000
59000;40600,18400
59000;40500,18500
59000;39600,19400
59000;39000,20000
59000;39000,20000
59000;39000,20000
59000;39000,20000
59000;39000,20000
59000;39000,20000
60000;60000
60000;60000
60000;60000
60000;60000
60000;60000
60000;60000
60000;60000
60000;60000
60000;60000
60000;60000
60000;59800,200
60000;39000,21000
60000;39000,21000
60000;39000,21000
60000;38400,21600
60000;38200,21800
60000;37400,22600
60000;37000,23000
60000;37000,23000
60000;36800,23200
61000;61000
61000;61000
61000;61000
61000;61000
61000;61000
61000;61000
61000;61000
61000;61000
62000;62000
62000;62000
62000;62000
62000;62000
62000;62000
62000;62000
62000;62000
62000;62000
62000;62000
62000;62000
62000;61400,600
62000;61000,1000
62000;61000,1000
63000;63000
63000;63000
63000;63000
63000;63000
63000;63000
63000;36600,26400
63000;36400,26600
63000;36100,26900
63000;36100,26900
63000;36000,27000
63000;35900,27100
64000;64000
64000;64000
64000;64000
64000;64000
64000;64000
64000;35700,28300
64000;35600,28400
64000;35600,28400
64000;35020,28980
64000;35000,29000
64000;35000,29000
64000;35000,29000
64000;35000,29000
64000;35000,29000
64000;35000,29000
65000;65000
65000;65000
65000;65000
65000;65000
65000;65000
65000;65000
65000;65000
65000;65000
65000;64500,500
65000;35000,30000
65000;35000,30000
66000;66000
66000;66000
66000;66000
66000;66000
66000;66000
66000;35000,31000
66000;34800,31200
66000;34500,31500
66000;34300,31700
66000;34200,31800
67000;67000
67000;67000
67000;67000
67000;67000
67000;67000
67000;67000
67000;67000
67000;34000,33000
67000;34000,33000
67000;34000,33000
67000;34000,33000
67000;34000,33000
68000;68000
68000;68000
68000;68000
68000;67900,100
68000;34000,34000
68000;33600,33000,1400
68000;33000,33000,2000
69000;69000
69000;69000
69000;69000
69000;69000
69000;69000
69000;69000
69000;69000
69000;69000
69000;69000
69000;69000
69000;33000,33000,3000
69000;32400,32300,4300
69000;32200,32200,4600
69000;31750,31000,6250
69000;31000,31000,7000
70000;70000
70000;70000
70000;70000
70000;70000
70000;70000
70000;70000
70000;70000
70000;69300,700
70000;69100,900
71000;71000
71000;71000
71000;71000
71000;71000
71000;71000
71000;71000
71000;71000
71000;71000
71000;71000
71000;31000,31000,9000
71000;31000,31000,9000
71000;31000,31000,9000
71000;31000,31000,9000
71000;30900,30900,9200
72000;72000
72000;72000
72000;72000
72000;72000
72000;72000
72000;72000
72000;72000
72000;72000
72000;72000
72000;72000
72000;72000
72000;71200,800
73000;73000
73000;73000
73000;73000
73000;73000
73000;73000
73000;73000
73000;73000
73000;72700,300
73000;72400,600
73000;30600,30370,12030
73000;30320,30200,12480
73000;30000,29500,13500
74000;74000
74000;74000
74000;74000
74000;74000
74000;74000
74000;74000
74000;74000
74000;29300,29100,15600
74000;29000,29000,16000
74000;29000,29000,16000
74000;29000,29000,16000
74000;28800,28800,16400
74000;28600,28000,17400
74000;28000,28000,18000
74000;28000,28000,18000
74000;28000,28000,18000
75000;75000
75000;75000
75000;75000
75000;75000
75000;75000
75000;75000
75000;75000
75000;75000
75000;28000,28000,19000
75000;28000,28000,19000
75000;28000,28000,19000
75000;28000,28000,19000
75000;28000,28000,19000
75000;28000,28000,19000
75000;28000,28000,19000
76000;76000
76000;76000
76000;28000,28000,20000
76000;28000,27690,20310
76000;27500,27200,21300
76000;27100,27000,21900
76000;27000,27000,22000
76000;27000,27000,22000
76000;27000,27000,22000
76000;27000,27000,22000
77000;77000
77000;77000
77000;77000
77000;77000
77000;77000
77000;77000
77000;77000
77000;27000,27000,23000
77000;27000,27000,23000
77000;27000,27000,23000
77000;26700,26200,24100
77000;26100,26000,24900
77000;26000,26000,25000
77000;26000,26000,25000
77000;26000,26000,25000
78000;78000
78000;78000
78000;78000
78000;78000
78000;78000
78000;78000
78000;78000
78000;78000
78000;26000,26000,26000
78000;26000,26000,26000
78000;26000,26000,26000
78000;26000,26000,26000
79000;79000
79000;26000,26000,26000,1000
79000;26000,26000,26000,1000
79000;26000,26000,25480,1520
79000;25000,25000,25000,4000
79000;25000,25000,25000,4000
79000;25000,25000,25000,4000
79000;25000,25000,25000,4000
79000;25000,25000,25000,4000
79000;24800,24790,24600,4810
79000;24400,24400,24000,6200
79000;24000,24000,24000,7000
80000;80000
80000;80000
80000;80000
80000;80000
80000;80000
80000;80000
80000;80000
80000;80000
80000;79600,400
80000;24000,24000,24000,8000
80000;24000,24000,24000,8000
80000;24000,24000,24000,8000
80000;24000,24000,24000,8000
80000;24000,24000,24000,8000
81000;81000
81000;81000
81000;24000,23700,23500,9800
81000;23000,23000,23000,12000
81000;23000,23000,23000,12000
81000;23000,23000,23000,12000
81000;23000,23000,23000,12000
81000;23000,23000,23000,12000
82000;82000
82000;82000
82000;82000
82000;22700,22100,22000,15200
82000;22000,22000,22000,16000
82000;22000,22000,22000,16000
82000;22000,22000,22000,16000
82000;22000,22000,22000,16000
82000;22000,22000,22000,16000
82000;22000,22000,22000,16000
82000;22000,21000,21000,18000
82000;21000,21000,21000,19000
82000;21000,21000,21000,19000
82000;21000,21000,21000,19000
82000;21000,21000,21000,19000
83000;83000
83000;83000
83000;83000
83000;83000
83000;83000
83000;83000
83000;83000
83000;21000,20800,20700,20500
83000;20600,20300,20300,20100,1700
83000;20000,20000,20000,20000,3000
83000;19700,19500,19000,19000,5800
83000;19000,19000,19000,19000,7000
84000;84000
84000;84000
84000;84000
84000;84000
84000;84000
84000;84000
84000;84000
84000;83100,900
84000;19000,19000,19000,19000,8000
84000;19000,19000,19000,19000,8000
84000;19000,18800,18600,18370,9230
84000;18300,18200,18060,18000,11440
84000;18000,18000,18000,18000,12000
84000;18000,18000,18000,18000,12000
85000;85000
85000;85000
85000;85000
85000;85000
85000;85000
85000;85000
85000;85000
85000;85000
85000;18000,18000,18000,18000,13000
85000;18000,18000,18000,18000,13000
85000;18000,18000,18000,18000,13000
85000;17900,17370,17300,17100,15330
85000;17100,17000,17000,17000,16900
86000;86000
86000;86000
86000;86000
86000;85800,200
86000;85300,700
86000;17000,17000,17000,17000,17000,1000
86000;17000,17000,17000,17000,17000,1000
87000;87000
87000;87000
87000;87000
87000;87000
87000;87000
87000;87000
87000;17000,17000,17000,17000,17000,2000
87000;17000,17000,17000,17000,17000,2000
87000;17000,17000,16870,16600,16600,2930
87000;16490,16350,16300,16200,16000,5660
87000;16000,16000,16000,16000,16000,7000
87000;16000,16000,16000,16000,16000,7000
87000;16000,16000,16000,16000,16000,7000
87000;16000,16000,16000,16000,16000,7000
88000;88000
88000;88000
88000;88000
88000;88000
88000;88000
88000;16000,16000,16000,16000,15940,8060
88000;15900,15800,15300,15100,15000,10900
88000;15000,15000,15000,15000,15000,13000
88000;15000,15000,15000,15000,15000,13000
88000;15000,15000,15000,15000,15000,13000
88000;15000,15000,15000,15000,15000,13000
88000;15000,15000,15000,15000,15000,13000
89000;89000
89000;89000
89000;89000
89000;89000
89000;89000
89000;89000
89000;89000
89000;15000,15000,15000,15000,15000,14000
89000;15000,15000,15000,15000,14600,14400
89000;14600,14600,14600,14600,14540,14300,1760
90000;90000
90000;90000
90000;90000
90000;14300,14000,14000,14000,14000,14000,5700
90000;14000,14000,14000,14000,14000,14000,6000
90000;14000,14000,14000,14000,14000,14000,6000
90000;14000,14000,14000,14000,14000,14000,6000
90000;14000,14000,14000,14000,14000,14000,6000
90000;14000,14000,14000,14000,14000,14000,6000
90000;14000,14000,14000,14000,14000,13800,6200
90000;13800,13800,13470,13400,13300,13000,9230
90000;13000,13000,13000,13000,13000,13000,12000
91000;91000
91000;91000
91000;91000
91000;13000,13000,13000,13000,13000,13000,13000
91000;13000,13000,13000,13000,13000,13000,13000
91000;13000,13000,13000,13000,12800,12700,12600,900
91000;12600,12500,12400,12000,12000,12000,12000,5500
91000;12000,12000,12000,12000,12000,12000,12000,7000
91000;12000,12000,12000,12000,12000,12000,12000,7000
91000;12000,12000,12000,12000,12000,12000,12000,7000
91000;12000,12000,12000,12000,12000,12000,12000,7000
92000;92000
92000;92000
92000;92000
92000;12000,12000,12000,12000,12000,12000,12000,8000
92000;12000,11800,11800,11700,11700,11700,11600,9700
92000;11600,11520,11500,11400,11400,11300,11260,11100,920
92000;11000,11000,11000,11000,11000,11000,11000,11000,4000
92000;11000,11000,11000,11000,11000,11000,11000,11000,4000
92000;11000,11000,11000,11000,11000,11000,11000,11000,4000
93000;93000
93000;93000
93000;93000
93000;93000
93000;93000
93000;93000
93000;93000
93000;92700,300
93000;11000,11000,11000,11000,11000,11000,11000,11000,5000
93000;11000,11000,11000,11000,11000,11000,11000,11000,5000
93000;11000,11000,11000,11000,11000,11000,10900,10840,5260
93000;10800,10800,10400,10340,10200,10200,10100,10100,10000,60
93000;10000,10000,10000,10000,10000,10000,10000,10000,10000,3000
93000;10000,10000,10000,10000,10000,10000,10000,10000,10000,3000
94000;94000
94000;10000,10000,10000,10000,10000,10000,10000,10000,10000,4000
94000;8940,8900,7300,7280,7200,7200,7100,7007,7000,7000,7000,7000,5073
94000;7000,7000,7000,7000,7000,7000,7000,7000,7000,6890,6800,6800,6800,3710
94000;6800,6789,6770,6700,6690,6500,6500,6500,6400,6400,6400,6400,6380,6350,2421
94000;6100,6100,6100,6000,6000,6000,6000,6000,6000,6000,6000,6000,6000,6000,6000,3700
95000;95000
95000;95000
95000;95000
95000;95000
95000;95000
95000;95000
95000;6000,6000,6000,6000,6000,6000,6000,6000,6000,6000,5990,5870,5870,5828,5600,5600,242
95000;5600,5510,5500,5500,5500,5500,5500,5470,5430,5100,5100,5100,5100,5100,5050,5000,5000,4940
95000;5000,5000,5000,5000,5000,5000,5000,5000,5000,5000,5000,5000,5000,5000,5000,5000,5000,5000,5000
95000;5000,5000,5000,5000,5000,5000,5000,4951,4860,4800,4790,4760,4700,4700,4700,4700,4700,4640,4620,3079
95000;4610,4600,4600,4600,4600,4600,4600,4550,4530,4510,4500,4500,4500,4500,4440,4440,4420,4400,4400,4400,4400,300
96000;96000
96000;96000
96000;96000
96000;4400,4400,4400,4400,4400,4400,4400,4360,4310,4300,4300,4300,4300,4300,4300,4300,4240,4210,4200,4200,4200,4200,1180
96000;4200,4200,4200,4200,4200,4200,4200,4200,4170,4150,4143,4100,4100,4100,4100,4014,4000,4000,4000,4000,4000,4000,4000,1523
96000;4000,4000,4000,4000,4000,4000,4000,4000,4000,4000,4000,4000,4000,4000,4000,4000,4000,4000,4000,4000,4000,4000,4000,4000
96000;4000,4000,4000,4000,4000,4000,3950,3900,3900,3900,3900,3900,3900,3900,3900,3900,3900,3900,3880,3840,3820,3800,3800,3800,2210
96000;3800,3800,3800,3800,3800,3800,3800,3740,3700,3700,3700,3700,3700,3700,3700,3700,3700,3700,3700,3680,3630,3600,3600,3600,3600,3250
96000;3600,3600,3600,3600,3600,3600,3600,3600,3600,3600,3600,3600,3600,3560,3560,3540,3510,3510,3500,3500,3490,3420,3410,3400,3400,3400,3400,600
97000;97000
97000;3400,3400,3400,3400,3400,3400,3400,3400,3350,3320,3300,3300,3300,3300,3300,3300,3300,3300,3300,3300,3280,3280,3270,3260,3200,3200,3200,3200,3200,1040
97000;3200,3200,3200,3200,3200,3200,3200,3200,3200,3170,3120,3110,3100,3100,3100,3100,3100,3100,3100,3100,3100,3100,3100,3100,3100,3100,3100,3100,3090,3070,3040
97000;3059,3039,3000,3000,3000,3000,3000,3000,3000,3000,3000,3000,3000,3000,3000,3000,3000,3000,3000,3000,3000,3000,3000,3000,3000,3000,3000,3000,3000,3000,3000,3000,902
98000;98000
98000;98000
98000;98000
98000;3000,3000,3000,3000,3000,3000,3000,3000,3000,3000,3000,3000,3000,3000,3000,3000,3000,3000,3000,2980,2960,2960,2900,2900,2900,2900,2900,2900,2900,2900,2900,2900,2900,200
98000;2900,2900,2900,2900,2900,2870,2820,2800,2800,2800,2800,2800,2800,2800,2800,2800,2750,2700,2700,2700,2700,2700,2700,2700,2700,2700,2700,2700,2700,2700,2700,2700,2700,2640,2620,1400
98000;2600,2600,2600,2600,2600,2600,2600,2600,2600,2600,2600,2600,2600,2600,2600,2600,2600,2600,2600,2600,2600,2600,2600,2580,2570,2510,2501,2500,2500,2500,2500,2500,2500,2500,2500,2500,2500,2500,539
98000;2500,2500,2500,2500,2500,2500,2500,2500,2500,2500,2500,2500,2500,2500,2500,2500,2500,2500,2500,2470,2412,2400,2400,2400,2400,2400,2400,2400,2400,2400,2400,2400,2400,2400,2400,2400,2400,2400,2400,2400,18
98000;2400,2400,2400,2400,2400,2400,2400,2400,2400,2400,2400,2400,2400,2330,2330,2320,2300,2300,2300,2300,2300,2300,2300,2300,2300,2300,2300,2300,2300,2300,2300,2300,2300,2300,2300,2300,2300,2300,2300,2300,2300,2300,20
98000;2300,2300,2300,2300,2280,2270,2250,2240,2220,2200,2200,2200,2200,2200,2200,2200,2200,2200,2200,2200,2200,2200,2200,2200,2200,2200,2200,2200,2200,2200,2200,2200,2200,2200,2200,2200,2200,2200,2200,2200,2200,2188,2180,2160,612
99000;99000
99000;99000
99000;99000
99000;99000
99000;2140,2139,2100,2100,2100,2100,2100,2100,2100,2100,2100,2100,2100,2100,2100,2100,2100,2100,2100,2100,2100,2100,2100,2100,2100,2100,2100,2100,2100,2100,2100,2095,2050,2030,2030,2020,2020,2000,2000,2000,2000,2000,2000,2000,2000,2000,2000,1576
99000;2000,2000,2000,2000,2000,2000,2000,2000,2000,2000,2000,2000,2000,2000,2000,2000,2000,2000,2000,2000,2000,2000,2000,2000,2000,2000,2000,2000,2000,2000,2000,2000,2000,2000,2000,2000,2000,2000,2000,2000,2000,2000,2000,1970,1970,1970,1960,1960,1959,1211
99000;1910,1900,1900,1900,1900,1900,1900,1900,1900,1900,1900,1900,1900,1900,1900,1900,1900,1900,1900,1900,1900,1900,1900,1900,1900,1900,1880,1860,1830,1810,1800,1800,1800,1800,1800,1800,1800,1800,1800,1800,1800,1800,1800,1800,1800,1800,1800,1800,1800,1800,1800,1800,1800,810
99000;1800,1800,1800,1800,1800,1800,1800,1800,1790,1775,1770,1760,1750,1749,1740,1740,1720,1700,1700,1700,1700,1700,1700,1700,1700,1700,1700,1700,1700,1700,1700,1700,1700,1700,1700,1700,1700,1700,1700,1700,1700,1700,1700,1700,1700,1700,1700,1700,1700,1700,1700,1700,1700,1700,1700,1700,1680,826
99000;1667,1640,1630,1600,1600,1600,1600,1600,1600,1600,1600,1600,1600,1600,1600,1600,1600,1600,1600,1600,1600,1600,1600,1600,1600,1600,1600,1600,1600,1600,1600,1600,1600,1600,1600,1600,1600,1600,1600,1600,1600,1600,1590,1553,1530,1500,1500,1500,1500,1500,1500,1500,1500,1500,1500,1500,1500,1500,1500,1500,1500,1500,1490
100000;100000
100000;1500,1500,1500,1500,1500,1500,1500,1500,1500,1500,1500,1500,1500,1500,1500,1500,1500,1500,1500,1500,1500,1500,1500,1500,1500,1500,1500,1500,1500,1500,1500,1500,1500,1500,1500,1500,1500,1500,1500,1500,1500,1460,1450,1450,1419,1400,1400,1400,1400,1400,1400,1400,1400,1400,1400,1400,1400,1400,1400,1400,1400,1400,1400,1400,1400,1400,1400,1400,521
